10100110100101101100110101100101101001101001011011001101011001011010011010010110
01101001011011001101011001011010011010010110110011010110010110100110100101101100
11010110010110100110100101101100110101100101101001101001011011001101011001011010
01101100110101100101101001101001011011001101011001011010011010010110110011010110
10101100101101001101001011011001101011001011010011010010110110011010110010110100
01011010011010010110110011010110010110100110100101101100110101100101101001101001
10010110110011010110010110100110100101101100110101100101101001101001011011001101
01101100110101100101101001101001011011001101011001011010011010010110110011010110
11010110010110100110100101101100110101100101101001101001011011001101011001011010
01101001011011001101011001011010011010010110110011010110010110100110100101101100
10100110100101101100110101100101101001101001011011001101011001011010011010010110
01011010011010010110110011010110010110100110100101101100110101100101101001101001
11010110010110100110100101101100110101100101101001101001011011001101011001011010
01101100110101100101101001101001011011001101011001011010011010010110110011010110
10101100101101001101001011011001101011001011010011010010110110011010110010110100
01101001011011001101011001011010011010010110110011010110010110100110100101101100
10010110110011010110010110100110100101101100110101100101101001101001011011001101
01101100110101100101101001101001011011001101011001011010011010010110110011010110
11010110010110100110100101101100110101100101101001101001011011001101011001011010
01101001011011001101011001011010011010010110110011010110010110100110100101101100
10100110100101101100110101100101101001101001011011001101011001011010011010010110
01011010011010010110110011010110010110100110100101101100110101100101101001101001
11010110010110100110100101101100110101100101101001101001011011001101011001011010
01101100110101100101101001101001011011001101011001011010011010010110110011010110
10101100101101001101001011011001101011001011010011010010110110011010110010110100