10011101111010010101001010011011010001001001011100101010110001010110011000000000
10100101110111110011110101011010100100100011101001100001110011010110110100011110
01110101011111111000000010000100110000010010100111100001011110110001111010110000
00110111100110101100010010111101011000011111100011001101000111010001101110110100
10110011010101010010010111011111001000010001111111101111110101010111010001100110
11010101001100110001000101110100011011010000011101000011111000011101111110001100
00100101011111100111000101011011111101101001010001101000010101000100101100001111
11001111001011100101111110001011101101111010011000101110110001111000001111011011
11110010000111001110100100001001011101101111010000111110000011011101011100110011
11011101000010111000100011110110110000111000011111110010110111010001001111000010
01100010010000110010111101010010100001111100010111011101011011010101011100110110
10011011100100001011010101011011111000010011010011111101101010011001110001101110
01001110111001011110010101011100100100101000010010010101010011010101100001011100
00100101100011110110011100000110011101000111110111000010110110010110110000100100
00110011101000010100011010111110000100100101100010010101000000001011010011010100
11010110111110001101000010011000101110010101000111110011101011010100101001110010
11101010000011000001111101111100011010100100001110001100000010010101100011010111
00000101001001000000011110111010111010111000010110011100110101110010010000010000
00100001011111111010100001011101010010001100011010101101010100101010010110011011
01100010110011011111010100010100000001111101100111100101011100001111011100000110
00101111010101111000010110100010111010110110011111101101110000011001111011100110
00001010010010001101111100110001111010000010100101100110101111010111011011110000
00110011011110100001010100000001001101111000011011111011011110000010111100111000
01100010001100000010110000010000101110100000000100111011110001000000010100011001
11000000101001001110100001001010110001011110010101101010000100000001000001010010
