00000000000000000000000010000000000000000000000000000000000000000000000000000000
00000000000000000000001010000000000000000000000000000000000000000000000000000000
00000000001100000011000011000000001100000000000000000000000000000000000000000000
00000000010001000011000000000000001100000000000000000000000000000000000000000000
11000000100000100011000000000000000000000000000000000000000000000000000000000000
11000000100010110000101000000000000000000000000000000000000000000000000000000000
00000000100000100000001000000000000000000000000000000000000000000000000000000000
00000000010001000000000000000000000000000000000000000000000000000000000000000000
00000000001100000000000000000000000000000000000000000000000000000000000000000000
00000000000000000000000000000000000000000000000000000000000000000000000000000000
00000000000000000000000000000000000000000000000000000000000000000000000000000000
00000000000000000000000000000000000000000000000000000000000000000000000000000000
00000000000000000000000000000000000000000000000000000000000000000000000000000000
00000000000000000000000000000000000000000000000000000000000000000000000000000000
00000000000000000000000000000000000000000000000000000000000000000000000000000000
00000000000000000000000000000000000000000000000000000000000000000000001100000000
00000000000000000000000000000000000000000000000000000000000000000000010001000000
00000000000000000000000000000000000000000000000000000000000000000000100000100000
00000000000000000000000000000000000000000000000000000000000000110110001000100000
00000000000000000000000000000000000000000000000000000000000000110001000001000011
00000000000000000000000000000000000000000000000000000000000000110000010001000011
00000000000000000000000000000000000000000000000000000000000000001100001100000000
00000000000000000000000000000000000000000000000000000000000000000010100000000000
00000000000000000000000000000000000000000000000000000000000000000000100000000000
00000000000000000000000000000000000000000000000000000000000000000000000000000000