00000000000000000000000000000000000000000000000000000000000000000000000000000000
00000000000000000000000000000000000000000000000000000000000000000000000000000000
00000000000000000000000000000000000000000000000000000000000000000000000000000000
00000000000000000000000000000000000000000000000000000000000000000000000000000000
00000110000000000000000000000000000000000000000000000000000000000000000000000000
00001001000000000000000000000000000000000000000000000000000000000000000000000000
00010000100000000000000000000000000000000000000000000000000000000000000000000000
00010000011000000000000000000000000000000000000000000000000000000000000000000000
00011111100000000000000000000000000000000000000000000000000000000000000000000000
00000000000000000000000000000000000000000000000000000000000000000000000000000000
00000110000000000000000000000000000000000000000000000000000000000000000000000000
00001001000000000000000000000000000000000000000000000000000000000000000000000000
00010000100000000000000000000000000000000000000000000000000000000000000000000000
00010000011000000000000000000000000000000000000000000000000000000000000000000000
00011111100000000000000000000000000000000000000000000000000000000000000000000000
00000000000000000000000000000000000000000000000000000000000000000000000000000000
00000110000000000000000000000000000000000000000000000000000000000000000000000000
00001001000000000000000000000000000000000000000000000000000000000000000000000000
00010000100000000000000000000000000000000000000000000000000000000000000000000000
00010000011000000000000000000000000000000000000000000000000000000000000000000000
00011111100000000000000000000000000000000000000000000000000000000000000000000000
00000000000000000000000000000000000000000000000000000000000000000000000000000000
00000000000000000000000000000000000000000000000000000000000000000000000000000000
00000000000000000000000000000000000000000000000000000000000000000000000000000000
00000000000000000000000000000000000000000000000000000000000000000000000000000000