01011110000100000001110111111101010100101011001011001100110100100001111001010011
00101101100000110011010110000011110111000110100111010110011010000001000101011110
01000100110000101110010111011111000100001010001101010010111001001000110110000010
10011111110000000000010100000001001010011000101001101111100000110111000110111001
10100110011010011000000011011111110110010000010100111110111000011001001011011100
00001100011111011010111110100000110010100110010011111111011110101011001010101110
01100011000101110111101100100110011110100101110101101011100011100101011111011000
10011001101010011001111110110101001011100011000001001101000100100001110000000010
10111101110011101110000010000110100111001101011011001111100010111011001101110100
11100101100011110110110010100001110101001110001000100100110010010000000110110110
00011110110100010111111100010110011101010000010101111101111011000010000100010100
00100101011111101100101000101101100001010011110000011010001110111110111110000100
11000110111011001011000101100101110010010001100001111000000100000010110110000111
11110111101000011010000101000010010101000101100111001000001101101100000110110110
11101101000100111001100101011100011111100110011010111011111101110111000010100111
11000010000110100011000111001010111101000111000101111101000110011110001111111111
11000011010110110110110101101111011010010001110011110011100000010100101001101000
10000101101110111000110111111010101100000110101101101101101111011011110010100100
10111110101111011111011010001110100011101001100001111001000001001110110010010001
11000001010111110000101110110010001110001101101101111011001101001110110110000011
00100111110110000101101010000110110011010011010111011110111011010011011001001011
01010100001011011101111110101100111000111110010000100001011111101010101011000101
10100111110001001011001000010101100010100010111111000101100010111001011101001001
01101110010001101000010001111000111110011111011001011001010011001111110011100001
01010010001110100111100000010001000001100100010001000010010011101111000011100101
